9584705
9608779
